isadump -y -k 0x87,0x01,0x55,0x55 0x2e 0x2f 7:

     0  1  2  3  4  5  6  7  8  9  a  b  c  d  e  f
00: 00 00 00 00 00 00 00 07 00 00 00 00 00 00 00 00 
10: 00 00 00 00 00 00 00 00 00 00 00 00 00 00 00 00 
20: 86 65 06 40 3d 90 ff 01 00 95 00 49 85 08 00 00 
30: 00 00 00 00 00 00 00 00 00 00 00 00 00 00 00 00 
40: 00 00 00 00 00 00 00 00 00 00 00 00 00 00 00 00 
50: 00 00 00 00 00 00 00 00 00 00 00 00 00 00 00 00 
60: 00 00 03 00 00 00 00 00 00 00 00 00 00 00 00 00 
70: 00 01 00 38 00 10 00 00 00 00 00 00 00 00 00 00 
80: 00 00 00 00 00 00 00 00 00 00 00 00 00 00 00 00 
90: ff ff ff ff ff ff ff ff 00 00 00 00 00 00 00 00 
a0: 00 00 00 00 00 00 00 00 00 00 00 00 00 00 00 00 
b0: 00 00 00 00 00 00 00 00 00 00 00 00 00 00 00 00 
c0: 90 ef 01 00 d5 00 00 00 00 00 00 00 10 00 00 01 
d0: ff 00 00 0c 00 00 00 00 00 00 00 00 00 00 00 00 
e0: 00 00 00 00 00 00 00 10 00 07 07 07 00 00 40 0c 
f0: 00 00 00 00 00 00 0e 00 00 00 00 00 00 00 00 00 
